20 0.01
0.0 0.0010001659393310547
20 0.05
0.0009999275207519531 0.0
20 0.1
0.0010001659393310547 0.0010001659393310547
20 0.3
0.002000570297241211 0.0010008811950683594
20 0.5
0.0019991397857666016 0.0010004043579101562
50 0.01
0.0010006427764892578 0.00099945068359375
50 0.05
0.00500178337097168 0.009001731872558594
50 0.1
0.010001659393310547 0.01000213623046875
50 0.3
0.019004344940185547 0.010002851486206055
50 0.5
0.025005102157592773 0.010002613067626953
100 0.01
0.00400090217590332 0.025005578994750977
100 0.05
0.035007476806640625 0.07601761817932129
100 0.1
0.05901360511779785 0.07501626014709473
100 0.3
0.12302732467651367 0.07201576232910156
100 0.5
0.16223430633544922 0.07401633262634277
200 0.01
0.04400968551635742 0.4250960350036621
200 0.05
0.20604681968688965 0.5571274757385254
200 0.1
0.3340752124786377 0.5531294345855713
200 0.3
0.7081587314605713 0.5411233901977539
200 0.5
0.891202449798584 0.5476887226104736
500 0.01
0.8892021179199219 8.85526704788208
500 0.05
2.9301586151123047 8.819856643676758
500 0.1
3.936657428741455 8.329058170318604
500 0.3
8.031016111373901 8.337066411972046
500 0.5
11.636736631393433 8.249539852142334
1000 0.01
7.3112053871154785 68.8608751296997
1000 0.05
20.089333057403564 62.94896578788757
1000 0.1
28.530428886413574 63.50866341590881
1000 0.3
59.21833610534668 63.27809143066406
1000 0.5
88.66029453277588 63.65548610687256
